gb_grid_spacing                   gb_grid_origin[0]                   gb_grid_origin[1]                   gb_grid_origin[2]                       gb_grid_span0                       gb_grid_span1                       gb_grid_span2
0.4                               12.64                                 5.9                               22.53                                  52                                  52                                  52
gb_grid_grdcut                     gb_grid_grdcuto                  gb_rec_total_atoms                       gb_grid_cutsq                     gb_grid_f_scale                     gb_rec_solv_rec
21                                   8                                 380                                  64                                   4                            -644.467
Done reading from GB bump grid file.
read from .rec file
cor_x                           cor_y                           cor_z                   gb_rec_charge               gb_rec_radius_eff                gb_rec_inv_a_rec          gb_rec_receptor_screen
2.963                           8.399                          18.141                           -0.52                            1.66                        0.289412                            0.79
1.864                           9.444                          18.164                           0.199                            1.76                        0.246177                            0.72
2.041                          10.334                           19.44                           0.526                            1.76                        0.252781                            0.72
2.021                           9.833                          20.554                            -0.5                            1.51                        0.305569                            0.85
0.420001                           8.746                          18.255                            0.03                            1.76                        0.275769                            0.72
0.195001                           7.839                          17.029                           0.017                           1.835                        0.289023                            0.72
2.881                           7.806                          18.955                           0.416                            0.91                         0.42375                            0.85
2.877                           7.838                          17.306                           0.416                            0.91                        0.381522                            0.85
3.863                           8.856                          18.148                           0.416                            0.91                        0.380759                            0.85
2.286                          11.602                          19.132                           -0.52                            1.66                        0.252554                            0.79
2.39                          12.646                          20.151                           0.199                            1.76                        0.243664                            0.72
0.977                          13.074                          20.505                           0.526                            1.76                        0.265909                            0.72
0.211                          13.404                          19.608                            -0.5                            1.51                         0.27639                            0.85
3.111                          13.915                          19.652                            0.03                            1.76                        0.288838                            0.72
4.375                          13.623                          18.877                           0.017                           1.835                        0.304784                            0.72
5.51                          13.077                          19.705                          -0.001                            1.91                         0.29522                            0.72
2.405                          11.854                          18.161                           0.248                            0.91                        0.365641                            0.85
0.196001                           0.239                          13.316                          -0.003                            1.76                        0.322724                            0.72
5.764                       0.0790005                          14.793                             0.1                            1.76                        0.298552                            0.72
3.156                        0.367001                          14.413                           0.339                            0.91                        0.541127                            0.85
8.704                       -0.145999                          11.929                           0.526                            1.76                        0.273733                            0.72
9.022                           0.998                          12.141                            -0.5                            1.51                        0.367115                            0.85
6.558                           0.443                          10.853                           0.146                            1.76                         0.24142                            0.72
5.128                       -0.132999                          10.872                           0.526                            1.76                         0.26247                            0.72
6.848                           0.764                            9.34                             0.1                           1.835                        0.241488                            0.72
8.29                           1.901                           9.218                          -0.135                            1.91                        0.288218                            0.96
4.191                        0.756001                          10.658                           -0.52                            1.66                        0.282511                            0.79
2.792                        0.361001                          10.454                           0.246                            1.76                        0.272662                            0.72
2.46                       0.0770006                           8.998                           0.526                            1.76                        0.281995                            0.72
3.238                           0.306                           8.087                            -0.5                            1.51                        0.300269                            0.85
4.436                           1.735                          10.633                           0.248                            0.91                        0.410399                            0.85
0.0470009                        0.472001                       -0.169998                           0.017                           1.835                        0.319343                            0.72
2.258                      -0.0539994                           2.593                           -0.52                            1.66                        0.270994                            0.79
3.003                           0.693                           3.601                           0.292                            1.76                        0.253808                            0.72
3.857                           1.733                           2.863                           0.526                            1.76                        0.264839                            0.72
3.522                           2.114                           1.737                            -0.5                            1.51                        0.314703                            0.85
4.618                           0.211                           5.555                           -0.55                            1.56                         0.34526                            0.85
4.029                        0.243001                           6.312                            0.31                            0.91                        0.450911                            0.85
5.079                           2.052                           3.436                           -0.52                            1.66                        0.257857                            0.79
5.96                            3.07                           2.885                           0.215                            1.76                        0.255572                            0.72
7.316                           2.445                            2.43                           0.526                            1.76                        0.243003                            0.72
7.927                           1.723                           3.203                            -0.5                            1.51                        0.269513                            0.85
6.264                           4.127                           3.931                           0.031                            1.91                        0.262429                            0.72
5.369                           1.558                           4.268                           0.248                            0.91                        0.333497                            0.85
7.831                           2.648                           1.176                           -0.52                            1.66                        0.236976                            0.79
9.088                            1.99                        0.762001                           0.268                            1.76                        0.232479                            0.72
10.263                           2.437                           1.662                           0.526                            1.76                        0.230595                            0.72
11.171                           1.653                           1.924                            -0.5                            1.51                         0.27768                            0.85
7.347                           3.253                        0.529001                           0.248                            0.91                        0.368932                            0.85
10.339                           3.654                            2.26                           -0.52                            1.66                        0.232644                            0.79
11.456                           4.037                            3.13                           0.195                            1.76                        0.251678                            0.72
11.619                           3.119                           4.349                           0.526                            1.76                        0.254025                            0.72
12.687                           3.086                           4.952                            -0.5                            1.51                        0.376372                            0.85
11.384                           5.574                            3.57                           0.211                           1.835                        0.260511                            0.72
10.591                           5.849                           4.819                           0.103                            1.76                        0.283405                            0.72
9.43                           6.605                           4.794                          -0.613                            1.66                        0.303566                            0.79
10.846                           5.574                           6.122                           0.353                            1.76                        0.323143                            0.72
9.019                           6.783                           6.045                           0.719                            1.76                        0.309824                            0.72
9.851                           6.174                           6.862                          -0.686                            1.66                        0.348244                            0.79
9.598                           4.321                           2.099                           0.248                            0.91                        0.322248                            0.85
8.974                            6.96                           3.966                           0.478                            0.91                        0.373339                            0.85
10.591                           2.366                           4.729                           -0.52                            1.66                        0.221594                            0.79
10.613                           1.501                           5.918                           0.146                            1.76                        0.252877                            0.72
11.458                           0.184                           5.686                           0.526                            1.76                        0.287885                            0.72
9.169                           1.052                           6.312                             0.1                           1.835                        0.252121                            0.72
8.101                           2.368                           6.996                          -0.135                            1.91                         0.28086                            0.96
9.75                           2.389                           4.171                           0.248                            0.91                        0.272247                            0.85
11.674                      -0.0869994                           4.353                           -0.52                            1.66                        0.248002                            0.79
11.432                        0.617001                            3.67                           0.248                            0.91                        0.279663                            0.85
13.74                       -0.119999                           2.346                           -0.52                            1.66                        0.272507                            0.79
14.718                       0.0090003                           1.258                           0.199                            1.76                        0.274016                            0.72
14.668                           1.496                        0.697001                            0.03                            1.76                        0.319474                            0.72
15.198                           2.463                           1.756                           0.001                            1.91                         0.32466                            0.72
13.269                           0.719                           2.654                           0.248                            0.91                        0.373397                            0.85
16.498                          -0.135                            2.98                           -0.52                            1.66                        0.279445                            0.79
18.265                           0.424                             4.7                          -0.208                           1.835                        0.347244                            0.72
18.409                           1.906                            4.23                            0.62                            1.76                        0.412786                            0.72
18.677                           2.158                           3.041                          -0.706                            1.51                        0.462845                            0.85
18.086                           2.822                           5.008                          -0.706                            1.51                        0.492334                            0.85
15.82                           0.276                           3.605                           0.248                            0.91                         0.43215                            0.85
12.849                           6.258                       0.0750008                          -0.121                            1.76                        0.322584                            0.72
13.326                           6.804                           1.267                          -0.368                            1.56                        0.397341                            0.85
12.586                           7.082                           1.811                           0.339                            0.91                        0.489176                            0.85
15.396                           9.673                        0.588001                           0.031                            1.91                         0.34938                            0.72
16.213                          14.437                           1.108                           0.526                            1.76                        0.320087                            0.72
15.952                          13.538                           1.939                            -0.5                            1.51                        0.378962                            0.85
16.722                           15.63                           1.525                           -0.52                            1.66                        0.330216                            0.79
17.038                          15.913                           2.935                           0.268                            1.76                        0.320827                            0.72
15.811                          15.731                           3.832                           0.526                            1.76                        0.323817                            0.72
15.921                          15.246                           4.943                            -0.5                            1.51                        0.431414                            0.85
17.543                          17.394                           3.073                           0.211                            1.76                         0.37463                            0.72
18.472                            17.6                           1.998                           -0.55                            1.56                        0.461681                            0.85
18.246                          17.652                           4.473                           0.007                            1.91                        0.402831                            0.72
16.89                          16.351                        0.838001                           0.248                            0.91                        0.494579                            0.85
18.813                          18.497                           2.037                            0.31                            0.91                        0.673368                            0.85
14.696                          16.194                           3.344                           -0.52                            1.66                        0.299095                            0.79
13.448                          16.075                           4.084                           0.204                            1.76                        0.291369                            0.72
12.456                          15.207                           3.334                           0.526                            1.76                        0.296614                            0.72
11.925                          14.296                           3.909                            -0.5                            1.51                        0.363924                            0.85
12.761                          17.432                           4.314                           0.016                           1.835                        0.305316                            0.72
13.33                           18.35                           5.355                           0.054                            1.76                        0.375653                            0.72
12.406                          19.575                           5.496                          -0.014                            1.91                        0.370911                            0.72
13.207                          17.735                           6.721                          -0.014                            1.91                        0.366568                            0.72
14.697                          16.642                           2.439                           0.248                            0.91                        0.434329                            0.85
12.122                          15.569                           2.076                           -0.52                            1.66                        0.288876                            0.79
11.079                          14.934                           1.275                           0.215                            1.76                        0.273047                            0.72
11.464                          13.536                        0.788002                           0.526                            1.76                        0.272712                            0.72
12.595                          13.276                           0.409                            -0.5                            1.51                        0.317292                            0.85
10.766                           15.73                       0.0460014                           0.031                            1.91                        0.303065                            0.72
12.631                          16.335                           1.659                           0.248                            0.91                        0.451973                            0.85
10.435                          12.605                        0.831001                           -0.52                            1.66                        0.260223                            0.79
10.562                          11.268                        0.276001                           0.195                            1.76                        0.252446                            0.72
10.17                          10.248                           1.271                           0.211                           1.835                        0.261884                            0.72
11.136                          10.113                           2.412                           0.103                            1.76                        0.295949                            0.72
11.475                           8.888                           2.942                          -0.613                            1.66                        0.318677                            0.79
11.835                          11.037                           3.105                           0.353                            1.76                        0.306821                            0.72
12.372                           9.069                           3.899                           0.719                            1.76                        0.356063                            0.72
12.604                           10.36                           4.018                          -0.686                            1.66                         0.39243                            0.79
9.562                          12.868                           1.266                           0.248                            0.91                        0.378855                            0.85
13.244                          10.783                           4.675                           0.486                            0.91                        0.607316                            0.85
5.047                           5.752                        0.334002                            -0.5                            1.51                        0.312719                            0.85
7.203                           7.414                        0.392002                          -0.208                           1.835                        0.260619                            0.72
7.955                           6.822                           1.615                            0.62                            1.76                        0.290541                            0.72
8.102                           7.599                           2.596                          -0.706                            1.51                        0.317038                            0.85
8.347                           5.625                           1.574                          -0.706                            1.51                         0.29481                            0.85
4.019                           1.365                       -0.192999                           0.248                            0.91                        0.355607                            0.85
0.450001                           3.845                          15.301                           0.246                            1.76                        0.284606                            0.72
1.05                           3.597                          16.674                           0.526                            1.76                        0.289667                            0.72
0.51                           3.972                          17.719                            -0.5                            1.51                        0.330303                            0.85
2.176                           2.829                          16.708                           -0.52                            1.66                        0.285079                            0.79
2.933                           2.484                          17.918                           0.214                            1.76                        0.264813                            0.72
4.226                           3.368                           18.06                           0.526                            1.76                        0.278005                            0.72
5.166                           3.016                          18.808                            -0.5                            1.51                        0.328468                            0.85
3.445                               1                          17.916                           0.038                           1.835                        0.277614                            0.72
2.368                      -0.0359998                          18.273                           0.011                            1.76                          0.2952                            0.72
1.935                           -0.19                          19.579                          -0.011                            1.76                        0.298902                            0.72
2.517                           2.468                          15.829                           0.248                            0.91                        0.461755                            0.85
4.291                           4.477                          17.235                           -0.52                            1.66                        0.274779                            0.79
5.426                           5.402                          17.278                           0.246                            1.76                        0.258202                            0.72
5.599                           6.168                           18.59                           0.526                            1.76                        0.268524                            0.72
4.744                           6.174                          19.452                            -0.5                            1.51                        0.302611                            0.85
3.537                           4.653                          16.587                           0.248                            0.91                        0.350163                            0.85
6.637                           6.985                          18.691                           -0.52                            1.66                        0.272883                            0.79
7.043                           7.752                          19.872                           0.227                            1.76                        0.263635                            0.72
5.935                            8.67                          20.353                           0.526                            1.76                        0.259434                            0.72
5.257                           9.258                          19.535                            -0.5                            1.51                        0.288214                            0.85
8.267                           8.621                          19.475                           0.039                           1.835                        0.278194                            0.72
9.542                           7.851                          19.256                           0.053                           1.835                        0.313938                            0.72
10.741                           8.807                          19.185                           0.048                           1.835                        0.325156                            0.72
12.024                           8.069                          18.825                           0.218                           1.835                        0.351937                            0.72
13.204                           8.995                          18.811                          -0.272                            1.76                        0.412319                            0.79
7.21                           7.091                          17.866                           0.248                            0.91                        0.370408                            0.85
13.764                            8.84                          19.637                           0.311                            0.91                        0.542735                            0.85
12.881                           9.952                          18.799                           0.311                            0.91                        0.522738                            0.85
13.761                           8.817                          17.988                           0.311                            0.91                        0.567813                            0.85
10.525                          13.097                          20.236                           0.292                            1.76                        0.300728                            0.72
12.673                          12.097                          20.497                            -0.5                            1.51                        0.404081                            0.85
10.833                          14.398                          19.467                           0.194                           1.835                        0.357094                            0.72
9.736                           14.82                          18.685                           -0.55                            1.56                        0.417176                            0.85
9.965                           15.63                          18.223                            0.31                            0.91                        0.613133                            0.85
8.251                           2.732                          19.467                          -0.001                            1.76                        0.307969                            0.72
8.098                            2.05                          18.256                          -0.035                            1.76                        0.326239                            0.72
9.128                           3.803                          19.504                          -0.035                            1.76                        0.309814                            0.72
8.825                           2.428                          17.104                             0.1                            1.76                        0.337088                            0.72
9.862                           4.198                          18.361                             0.1                            1.76                        0.335803                            0.72
9.711                           3.507                          17.171                          -0.121                            1.76                        0.346967                            0.72
10.453                           3.873                          16.058                          -0.368                            1.56                        0.427369                            0.85
11.387                           3.743                          16.238                           0.339                            0.91                        0.630795                            0.85
6.214                          20.309                           4.789                          -0.035                            1.76                        0.293464                            0.72
8.326                          20.309                           6.611                             0.1                            1.76                        0.316138                            0.72
6.086                          19.633                           6.006                             0.1                            1.76                        0.285624                            0.72
7.139                           19.64                           6.898                          -0.121                            1.76                        0.299723                            0.72
7.017                          19.011                            8.12                          -0.368                            1.56                        0.328832                            0.85
6.087                          18.908                           8.336                           0.339                            0.91                        0.381048                            0.85
10.703                          20.373                       0.0820007                               0                           1.835                        0.316668                            0.72
13.187                          20.167                           2.007                          -0.706                            1.51                        0.451651                            0.85
5.559                          19.635                        0.260002                           0.033                            1.76                        0.298948                            0.72
4.426                          18.664                        0.408001                           0.006                            1.91                        0.290905                            0.72
0.438001                          14.908                        0.449001                           -0.52                            1.66                         0.27733                            0.79
-0.131                          16.049                           2.529                           0.526                            1.76                        0.277789                            0.72
0.381001                          15.193                           3.279                            -0.5                            1.51                        0.300888                            0.85
0.841001                          14.084                        0.873001                           0.248                            0.91                        0.352676                            0.85
-0.0229998                          17.693                            4.34                           0.146                            1.76                        0.248462                            0.72
0.462001                          19.147                           4.354                             0.1                           1.835                        0.257555                            0.72
2.031                          19.194                            3.35                          -0.135                            1.91                        0.291312                            0.96
0.0440006                           16.89                            6.83                           0.248                            0.91                        0.377696                            0.85
-0.0169992                          20.347                          18.968                           -0.52                            1.66                        0.271603                            0.79
0.188001                            19.6                          20.213                           0.227                            1.76                        0.293629                            0.72
0.0840006                          18.073                          19.971                           0.526                            1.76                        0.318714                            0.72
-0.0709992                          15.936                          17.042                           0.526                            1.76                        0.271536                            0.72
0.471001                          14.745                          16.755                           -0.52                            1.66                        0.274196                            0.79
1.012                          14.533                          15.418                           0.246                            1.76                        0.262426                            0.72
1.441                          13.083                          15.264                           0.526                            1.76                        0.266314                            0.72
1.558                          12.367                          16.281                            -0.5                            1.51                        0.302492                            0.85
2.314                          15.398                           15.16                          -0.208                           1.835                        0.261067                            0.72
2.826                          15.586                          13.653                            0.62                            1.76                        0.325243                            0.72
2.304                          15.058                          12.633                          -0.706                            1.51                        0.371611                            0.85
3.89                           16.22                          13.451                          -0.706                            1.51                        0.383176                            0.85
0.504001                          14.011                          17.448                           0.248                            0.91                        0.351927                            0.85
1.77                          12.628                          14.003                           -0.52                            1.66                         0.26198                            0.79
2.501                          11.356                          13.953                           0.292                            1.76                        0.259691                            0.72
4.028                          11.593                          14.216                           0.526                            1.76                        0.267283                            0.72
4.474                          12.733                          14.326                            -0.5                            1.51                        0.322456                            0.85
2.267                          10.697                          12.579                           0.194                           1.835                        0.299251                            0.72
2.448                          11.504                          11.437                           -0.55                            1.56                        0.377993                            0.85
1.523                          13.138                          13.167                           0.248                            0.91                        0.393482                            0.85
1.618                          11.577                          10.961                            0.31                            0.91                        0.485227                            0.85
4.839                          10.529                           14.45                           -0.52                            1.66                        0.265717                            0.79
6.254                          10.704                           14.77                           0.146                            1.76                        0.238619                            0.72
7.006                           9.449                          14.308                           0.526                            1.76                        0.261628                            0.72
6.415                           8.561                          13.687                            -0.5                            1.51                        0.285362                            0.85
6.37                          10.993                           16.32                             0.1                           1.835                        0.244022                            0.72
8.03                          11.612                          16.876                          -0.135                            1.91                        0.294152                            0.96
4.455                           9.596                          14.402                           0.248                            0.91                        0.324881                            0.85
8.22                           9.416                          14.494                           -0.52                            1.66                        0.279132                            0.79
9.046                           8.269                          14.152                            0.21                            1.76                        0.283951                            0.72
8.468                           6.961                          14.808                           0.526                            1.76                        0.265948                            0.72
8.11                           6.971                          15.998                            -0.5                            1.51                        0.309436                            0.85
10.464                            8.54                          14.679                           0.053                           1.835                        0.314868                            0.72
11.348                           7.323                          14.451                          -0.043                           1.835                        0.338246                            0.72
12.814                           7.704                          14.532                           0.675                            1.76                        0.403162                            0.72
13.261                            8.22                          15.527                           -0.47                            1.51                        0.441944                            0.85
13.719                           7.571                          13.602                          -0.867                            1.66                        0.462496                            0.79
8.666                          10.224                          14.904                           0.248                            0.91                        0.333054                            0.85
13.472                           7.164                          12.711                           0.344                            0.91                        0.653945                            0.85
14.667                           7.875                          13.772                           0.344                            0.91                        0.639762                            0.85
8.354                           5.927                          13.955                           -0.52                            1.66                        0.305753                            0.79
7.671                           4.708                          14.327                           0.246                            1.76                        0.292115                            0.72
6.254                           4.614                           13.77                           0.526                            1.76                        0.289806                            0.72
5.686                           3.528                           13.63                            -0.5                            1.51                        0.363848                            0.85
8.756                           6.004                          13.031                           0.248                            0.91                        0.508494                            0.85
5.667                           5.759                          13.416                           -0.52                            1.66                        0.244894                            0.79
4.35                           5.746                          12.773                           0.246                            1.76                        0.250026                            0.72
4.432                            5.63                          11.223                           0.526                            1.76                        0.263196                            0.72
3.395                           5.423                           10.56                            -0.5                            1.51                        0.305278                            0.85
3.605                           7.044                          13.206                          -0.208                           1.835                        0.265272                            0.72
3.308                           7.098                          14.714                            0.62                            1.76                        0.294551                            0.72
2.837                           6.108                          15.327                          -0.706                            1.51                        0.321269                            0.85
3.483                           8.197                          15.255                          -0.706                            1.51                        0.310637                            0.85
6.132                           6.638                          13.592                           0.248                            0.91                        0.299696                            0.85
5.604                           5.653                           10.59                           -0.52                            1.66                        0.262013                            0.79
5.719                           5.609                           9.131                           0.292                            1.76                        0.247202                            0.72
5.067                           4.393                           8.549                           0.526                            1.76                        0.234064                            0.72
4.956                           3.419                           9.226                            -0.5                            1.51                        0.256541                            0.85
7.168                           5.621                           8.678                           0.194                           1.835                        0.277001                            0.72
7.759                           6.871                           8.959                           -0.55                            1.56                        0.395403                            0.85
6.45                           5.703                           11.14                           0.248                            0.91                        0.405663                            0.85
8.707                           6.815                           8.821                            0.31                            0.91                        0.555319                            0.85
4.437                           4.498                           7.358                           -0.52                            1.66                        0.258948                            0.79
3.815                           3.339                           6.747                           0.246                            1.76                        0.249054                            0.72
2.354                           3.182                           7.131                           0.526                            1.76                        0.261186                            0.72
1.625                           2.494                           6.393                            -0.5                            1.51                        0.333035                            0.85
4.399                           5.392                           6.889                           0.248                            0.91                        0.373771                            0.85
1.975                           3.789                           8.307                           -0.52                            1.66                        0.262009                            0.79
0.633                           3.609                           8.853                           0.246                            1.76                        0.274526                            0.72
-0.0229998                           5.283                           7.292                            -0.5                            1.51                        0.300218                            0.85
2.637                            4.37                           8.801                           0.248                            0.91                        0.321714                            0.85
0.313001                           6.826                           4.152                           0.199                            1.76                        0.228797                            0.72
1.343                           7.691                           4.834                           0.526                            1.76                        0.241983                            0.72
1.958                           8.518                           4.155                            -0.5                            1.51                        0.267747                            0.85
1.058                           5.904                           3.107                            0.03                            1.76                        0.276357                            0.72
0.0580006                           5.008                           2.371                           0.017                           1.835                        0.312763                            0.72
2.226                           5.161                           3.797                           0.001                            1.91                        0.268538                            0.72
-0.177999                           8.388                           2.778                           0.248                            0.91                        0.392326                            0.85
1.498                            7.49                           6.151                           -0.52                            1.66                        0.252564                            0.79
2.508                           8.275                           6.857                           0.201                            1.76                        0.234417                            0.72
3.913                           8.195                           6.151                           0.526                            1.76                        0.249435                            0.72
4.494                           7.096                            5.99                            -0.5                            1.51                        0.308293                            0.85
2.734                           7.872                           8.439                           0.033                            1.76                        0.277942                            0.72
3.79                            8.91                           9.124                           0.006                            1.91                        0.297626                            0.72
1.364                           7.914                           9.254                           0.006                            1.91                         0.29426                            0.72
0.931001                           6.813                           6.642                           0.248                            0.91                        0.366189                            0.85
4.484                           9.368                           5.805                           -0.52                            1.66                        0.264326                            0.79
5.73                           9.389                           5.051                           0.292                            1.76                        0.250138                            0.72
6.844                          10.151                           5.753                           0.526                            1.76                        0.275787                            0.72
7.947                           9.591                           5.913                            -0.5                            1.51                        0.356502                            0.85
5.558                          10.016                           3.557                           0.194                           1.835                         0.27374                            0.72
6.738                           9.841                           2.799                           -0.55                            1.56                        0.352172                            0.85
4.044                          10.237                           6.071                           0.248                            0.91                        0.397977                            0.85
7.057                           8.942                           2.906                            0.31                            0.91                        0.407264                            0.85
6.711                          11.509                           5.961                           -0.52                            1.66                        0.262717                            0.79
7.822                           12.32                           6.488                           0.248                            1.76                        0.275487                            0.72
7.357                            13.6                           7.189                           0.526                            1.76                        0.292541                            0.72
6.161                          13.928                           7.169                            -0.5                            1.51                        0.313933                            0.85
8.83                          12.687                           5.402                            0.02                           1.835                         0.26815                            0.72
8.325                          13.541                           4.207                           0.046                            1.76                        0.254644                            0.72
7.772                          13.088                           3.044                           0.117                            1.76                        0.269936                            0.72
8.466                          14.968                           4.045                          -0.275                            1.76                        0.249872                            0.72
7.582                          14.111                           2.165                           -0.33                            1.66                        0.291275                            0.79
7.998                          15.284                           2.749                               0                            1.76                         0.25641                            0.72
8.948                          15.994                           4.857                           0.145                            1.76                        0.287616                            0.72
7.99                          16.598                           2.235                           0.029                            1.76                        0.291114                            0.72
8.946                           17.33                           4.343                          -0.082                            1.76                        0.316989                            0.72
8.473                          17.598                           3.052                           0.034                            1.76                        0.321154                            0.72
5.831                          11.957                           5.747                           0.248                            0.91                        0.347214                            0.85
7.198                          14.022                           1.235                           0.294                            0.91                        0.440397                            0.85
8.307                          14.279                           7.837                           -0.52                            1.66                        0.325205                            0.79
8.022                          15.553                           8.474                           0.246                            1.76                        0.306944                            0.72
9.243                          16.083                           9.196                           0.526                            1.76                        0.325612                            0.72
10.162                           15.31                           9.467                            -0.5                            1.51                         0.39432                            0.85
9.242                          13.899                           7.885                           0.248                            0.91                        0.472461                            0.85
9.334                          17.434                           9.337                           -0.52                            1.66                        0.310282                            0.79
10.415                          18.014                          10.136                           0.237                            1.76                         0.27953                            0.72
10.092                           17.96                          11.652                           0.526                            1.76                        0.281518                            0.72
9.212                          18.683                          12.154                            -0.5                            1.51                         0.34511                            0.85
10.621                          19.471                           9.728                           0.049                           1.835                        0.307894                            0.72
11.554                          20.277                          10.668                           0.058                           1.835                         0.33378                            0.72
13.029                          19.918                          10.467                           0.111                           1.835                        0.360356                            0.72
13.473                          18.675                          11.146                          -0.493                            1.66                        0.367862                            0.79
13.697                          18.558                          12.495                           0.813                            1.76                        0.370879                            0.72
13.571                          19.562                          13.268                          -0.635                            1.66                        0.419225                            0.79
13.872                           17.36                          13.052                          -0.634                            1.66                        0.422058                            0.79
8.656                          18.036                           8.891                           0.248                            0.91                        0.411654                            0.85
13.621                          17.856                          10.574                           0.294                            0.91                        0.551799                            0.85
13.369                          20.474                          12.884                           0.361                            0.91                        0.578151                            0.85
13.673                          19.446                          14.266                           0.362                            0.91                        0.612146                            0.85
13.908                          16.533                          12.473                           0.361                            0.91                        0.613023                            0.85
13.969                          17.279                          14.054                           0.362                            0.91                        0.620088                            0.85
10.793                          17.132                          12.381                           -0.52                            1.66                        0.315235                            0.79
10.514                          16.952                          13.811                           0.246                            1.76                        0.320529                            0.72
9.189                          16.232                          13.972                           0.526                            1.76                        0.308712                            0.72
8.699                          15.617                          12.982                            -0.5                            1.51                        0.361576                            0.85
11.541                          16.606                          11.952                           0.248                            0.91                        0.486406                            0.85
8.628                          16.263                          15.237                           -0.52                            1.66                        0.301154                            0.79
7.262                          15.791                          15.515                           0.146                            1.76                        0.268382                            0.72
6.43                          16.882                          16.308                           0.526                            1.76                        0.280521                            0.72
6.839                          17.343                          17.406                            -0.5                            1.51                        0.355439                            0.85
7.241                          14.576                          16.384                             0.1                           1.835                        0.265364                            0.72
8.266                          13.326                          15.447                          -0.135                            1.91                        0.296832                            0.96
9.18                          16.625                          16.002                           0.248                            0.91                         0.49219                            0.85
5.228                          17.216                          15.805                           -0.52                            1.66                        0.287662                            0.79
4.4                          18.217                          16.465                           0.215                            1.76                        0.297241                            0.72
5.08                          19.555                          16.551                           0.526                            1.76                        0.301102                            0.72
4.834                          20.288                           17.52                            -0.5                            1.51                         0.38336                            0.85
4.085                          17.773                          17.899                           0.031                            1.91                        0.312512                            0.72
4.896                          16.769                          14.962                           0.248                            0.91                        0.403803                            0.85
5.918                          19.928                          15.571                           -0.52                            1.66                         0.28832                            0.79
8.999                          20.304                          15.514                           0.054                            1.76                        0.362521                            0.72
10.379                          20.583                          14.898                          -0.014                            1.91                        0.369697                            0.72
9.009                          20.451                          17.002                          -0.014                            1.91                        0.372403                            0.72
6.107                          19.296                          14.806                           0.248                            0.91                        0.440242                            0.85
4.849                           20.43                          10.209                           0.526                            1.76                        0.258327                            0.72
4.897                           19.58                          11.086                            -0.5                            1.51                        0.341977                            0.85
3.935                          20.449                           9.245                          -0.257                            1.66                        0.248265                            0.79
2.913                          19.376                            9.16                           0.112                            1.76                         0.25132                            0.72
3.526                          17.956                           8.944                           0.526                            1.76                        0.260457                            0.72
4.68                          17.839                           8.525                            -0.5                            1.51                        0.295712                            0.85
2.026                          19.809                           7.965                          -0.001                           1.835                        0.277932                            0.72
2.784                           16.97                           9.333                           -0.52                            1.66                        0.300062                            0.79
3.07                          15.616                            8.89                           0.246                            1.76                        0.292586                            0.72
2.826                          15.571                           7.397                           0.526                            1.76                        0.270959                            0.72
1.895                           16.25                           6.887                            -0.5                            1.51                         0.29656                            0.85
2.002                          17.142                           9.948                           0.248                            0.91                        0.450437                            0.85
3.686                           14.81                           6.619                           -0.52                            1.66                        0.258532                            0.79
3.483                          14.711                           5.165                           0.201                            1.76                         0.22927                            0.72
3.254                          13.254                           4.758                           0.526                            1.76                        0.246285                            0.72
3.819                          12.347                           5.354                            -0.5                            1.51                        0.283243                            0.85
4.649                          15.255                           4.338                           0.033                            1.76                        0.267723                            0.72
4.323                           15.23                             2.8                           0.006                            1.91                        0.267144                            0.72
4.991                          16.719                           4.795                           0.006                            1.91                        0.268468                            0.72
4.456                          14.321                           7.053                           0.248                            0.91                        0.366828                            0.85
2.302                          13.017                           3.845                           -0.52                            1.66                         0.24375                            0.79
1.712                          11.692                            3.56                           0.245                            1.76                        0.235469                            0.72
1.681                          11.417                           2.048                           0.526                            1.76                        0.261079                            0.72
1.345                           12.34                           1.253                            -0.5                            1.51                        0.294192                            0.85
0.216001                          11.689                           4.134                           0.022                           1.835                        0.258048                            0.72
0.116                          11.909                            5.64                          -0.001                            1.76                        0.275688                            0.72
-0.0249996                          10.825                           6.521                          -0.035                            1.76                         0.28627                            0.72
0.197001                          13.194                            6.21                          -0.035                            1.76                        0.274218                            0.72
-0.0769997                          10.979                           7.918                             0.1                            1.76                         0.30015                            0.72
0.147                          13.361                           7.666                             0.1                            1.76                         0.29563                            0.72
0.0160007                          12.231                           8.497                          -0.121                            1.76                        0.315074                            0.72
0.0550003                          12.365                            9.89                          -0.368                            1.56                        0.374691                            0.85
1.962                          13.804                           3.311                           0.248                            0.91                        0.342799                            0.85
2.001                          10.182                           1.575                           -0.52                            1.66                        0.262766                            0.79
1.859                           9.802                        0.165001                           0.268                            1.76                         0.25346                            0.72
2.287                           8.308                      -0.0219994                           0.211                            1.76                        0.295068                            0.72
3.624                           8.184                        0.477001                           -0.55                            1.56                        0.347583                            0.85
2.353                           9.494                           2.225                           0.248                            0.91                        0.374502                            0.85
3.841                           7.255                        0.584002                            0.31                            0.91                        0.464559                            0.85
