           1  0.369564772    
           2  0.384063393    
           3  0.371594191    
           4  0.368998736    
           5  0.443358570    
           6  0.422056258    
           7  0.559574664    
           8  0.635963082    
           9  0.315021187    
          10  0.266667575    
          11  0.257510751    
          12  0.258721173    
          13  0.288785279    
          14  0.281747639    
          15  0.303396493    
          16  0.341777414    
          17  0.372461438    
          18  0.426159292    
          19  0.342618674    
          20  0.591594934    
          21  0.556348264    
          22  0.548233271    
          23  0.257712662    
          24  0.244091749    
          25  0.263175517    
          26  0.338108718    
          27  0.268689245    
          28  0.288797826    
          29  0.310670376    
          30  0.342433363    
          31  0.348957747    
          32  0.257548749    
          33  0.253245741    
          34  0.248849332    
          35  0.295825988    
          36  0.286319464    
          37  0.300150782    
          38  0.329292417    
          39  0.379135698    
          40  0.277700424    
          41  0.306817234    
          42  0.308523685    
          43  0.416507363    
          44  0.363674581    
          45  0.373962998    
          46  0.322860777    
          47  0.279599428    
          48  0.294797599    
          49  0.272489250    
          50  0.354183435    
          51  0.337516010    
          52  0.344157934    
          53  0.311271936    
          54  0.432470798    
          55  0.409824878    
          56  0.641889811    
          57  0.599739969    
          58  0.266116858    
          59  0.298872203    
          60  0.312511623    
          61  0.404408544    
          62  0.295401305    
          63  0.270285785    
          64  0.286805779    
          65  0.274482667    
          66  0.344667405    
          67  0.311452299    
          68  0.338945687    
          69  0.374418765    
          70  0.394801527    
          71  0.448855609    
          72  0.305042177    
          73  0.612303734    
          74  0.554850042    
          75  0.604213476    
          76  0.242937222    
          77  0.238392740    
          78  0.263213634    
          79  0.293917954    
          80  0.262436509    
          81  0.293033421    
          82  0.309521466    
          83  0.314231247    
          84  0.336395025    
          85  0.347023249    
          86  0.358305991    
          87  0.452118665    
          88  0.299626857    
          89  0.646035373    
          90  0.247948796    
          91  0.233825937    
          92  0.256074846    
          93  0.285725564    
          94  0.279934138    
          95  0.292525291    
          96  0.291206062    
          97  0.324774951    
          98  0.336601257    
          99  0.263908058    
         100  0.246934831    
         101  0.275400847    
         102  0.327232003    
         103  0.311768800    
         104  0.319398671    
         105  0.343346089    
         106  0.264537334    
         107  0.243597046    
         108  0.254342437    
         109  0.283416927    
         110  0.275910050    
         111  0.330456257    
         112  0.313706309    
         113  0.345313728    
         114  0.247693822    
         115  0.237559408    
         116  0.260274768    
         117  0.284154147    
         118  0.252381951    
         119  0.325044632    
         120  0.267308623    
         121  0.248952240    
         122  0.242352292    
         123  0.282261372    
         124  0.335228682    
         125  0.414008915    
         126  0.361730009    
         127  0.266164064    
         128  0.262697309    
         129  0.292201102    
         130  0.303444505    
         131  0.307485312    
         132  0.401550442    
         133  0.290461898    
         134  0.302278012    
         135  0.282572597    
         136  0.393699080    
         137  0.260436624    
         138  0.288084149    
         139  0.313758492    
         140  0.414930224    
         141  0.312326133    
         142  0.352188468    
         143  0.360782176    
         144  0.358497530    
         145  0.333174378    
         146  0.274503738    
         147  0.274836928    
         148  0.281240165    
         149  0.318278313    
         150  0.329538792    
         151  0.364967316    
         152  0.414041907    
         153  0.337583899    
         154  0.587350726    
         155  0.552773416    
         156  0.445984960    
         157  0.287628680    
         158  0.286251813    
         159  0.304552972    
         160  0.303139091    
         161  0.357997984    
         162  0.407750189    
         163  0.278357536    
         164  0.347516090    
         165  0.253414154    
         166  0.253889114    
         167  0.275893867    
         168  0.304039598    
         169  0.252222002    
         170  0.290319890    
         171  0.366624534    
         172  0.330678165    
         173  0.284833193    
         174  0.269405216    
         175  0.289183408    
         176  0.367489755    
         177  0.302195281    
         178  0.312274873    
         179  0.331887662    
         180  0.320610940    
         181  0.347627372    
         182  0.327428520    
         183  0.332070470    
         184  0.466350466    
         185  0.277598530    
         186  0.265562654    
         187  0.281839848    
         188  0.326714426    
         189  0.288209766    
         190  0.365174621    
         191  0.288173169    
         192  0.294493854    
         193  0.316230685    
         194  0.420531601    
         195  0.358334154    
         196  0.361796856    
         197  0.361733347    
         198  0.461301506    
         199  0.404356271    
         200  0.322263509    
         201  0.302685797    
         202  0.326709628    
         203  0.322299927    
         204  0.290828407    
         205  0.282008827    
         206  0.333482981    
         207  0.330639601    
         208  0.376942247    
         209  0.398683965    
         210  0.392391026    
         211  0.459947228    
         212  0.528115809    
         213  0.614726365    
         214  0.604094863    
         215  0.612642050    
         216  0.259838074    
         217  0.235748604    
         218  0.264108032    
         219  0.312275767    
         220  0.244484290    
         221  0.265006363    
         222  0.258379757    
         223  0.289697498    
         224  0.335927933    
         225  0.369294703    
         226  0.247207910    
         227  0.228459120    
         228  0.249249637    
         229  0.284163803    
         230  0.277095616    
         231  0.299948484    
         232  0.287265688    
         233  0.308156788    
         234  0.339025199    
         235  0.247840449    
         236  0.234405383    
         237  0.284401178    
         238  0.338439375    
         239  0.249373913    
         240  0.244087324    
         241  0.232214794    
         242  0.252425700    
         243  0.275676250    
         244  0.244484261    
         245  0.325223744    
         246  0.261173993    
         247  0.243875638    
         248  0.229319409    
         249  0.261219829    
         250  0.268295646    
         251  0.323297143    
         252  0.317025810    
         253  0.415548116    
         254  0.355423152    
         255  0.601815939    
         256  0.623447835    
         257  0.255561292    
         258  0.249382049    
         259  0.246958733    
         260  0.310950935    
         261  0.281052291    
         262  0.340275735    
         263  0.350530416    
         264  0.337885797    
         265  0.382811099    
         266  0.251831293    
         267  0.269684464    
         268  0.286047459    
         269  0.363180608    
         270  0.328337729    
         271  0.360947371    
         272  0.393881261    
         273  0.439801693    
         274  0.448676765    
         275  0.372315049    
         276  0.622730315    
         277  0.646165192    
         278  0.252178758    
         279  0.270767838    
         280  0.303133130    
         281  0.240301788    
         282  0.264405966    
         283  0.292252421    
         284  0.293179303    
         285  0.304922760    
         286  0.334715933    
         287  0.366882533    
         288  0.451242477    
         289  0.298149705    
         290  0.588217735    
         291  0.273239285    
         292  0.284685075    
         293  0.295447022    
         294  0.328554928    
         295  0.288425535    
         296  0.324183106    
         297  0.480621547    
